{
  "advancedEditorSelectedIdentifier" : "ProjectBrowser",
  "openSceneRelativePaths" : [
    "Scene.usda",
    "ImmersiveScene.usda"
  ],
  "recentIdentifiers" : {

  },
  "sceneCameraHistory" : {
    "90C576A0-F90A-43B8-9998-14918A66F863" : [
      {
        "date" : 728600834.580886,
        "title" : "Untitled",
        "transform" : [
          0.99999994,
          0,
          -0,
          0,
          -0,
          0.8660254,
          -0.49999994,
          0,
          0,
          0.49999994,
          0.8660254,
          0,
          0,
          0.4255644,
          0.73709923,
          1
        ]
      }
    ],
    "A4E3DAB1-19BC-48D0-A4BE-6DB39067F1A1" : [
      {
        "date" : 728603505.415797,
        "title" : "Untitled",
        "transform" : [
          0.9977329,
          -4.467202e-09,
          0.06729883,
          0,
          0.054105386,
          0.59468704,
          -0.80213463,
          0,
          -0.04002174,
          0.80395734,
          0.5933388,
          0,
          -3.081367,
          31.583096,
          30.539383,
          1
        ]
      },
      {
        "date" : 728603489.015725,
        "title" : "Untitled",
        "transform" : [
          0.9977329,
          -4.467202e-09,
          0.06729883,
          0,
          0.054105386,
          0.59468704,
          -0.80213463,
          0,
          -0.04002174,
          0.80395734,
          0.5933388,
          0,
          -3.081367,
          31.583096,
          30.539383,
          1
        ]
      },
      {
        "date" : 728603382.097784,
        "title" : "Untitled",
        "transform" : [
          0.9977329,
          -4.467202e-09,
          0.06729883,
          0,
          0.054105386,
          0.59468704,
          -0.80213463,
          0,
          -0.04002174,
          0.80395734,
          0.5933388,
          0,
          -5.018129,
          36.197777,
          24.155977,
          1
        ]
      },
      {
        "date" : 728603309.950505,
        "title" : "Untitled",
        "transform" : [
          0.9977329,
          -2.8618168e-09,
          0.06729883,
          0,
          0.054105382,
          0.594687,
          -0.8021346,
          0,
          -0.040021736,
          0.8039573,
          0.5933387,
          0,
          -1.3395934,
          5.648913,
          0.30595016,
          1
        ]
      },
      {
        "date" : 728603283.784001,
        "title" : "Untitled",
        "transform" : [
          0.99999994,
          0,
          0,
          0,
          0,
          0.8660254,
          -0.49999988,
          0,
          0,
          0.49999988,
          0.8660254,
          0,
          0.042948425,
          2.3076434,
          -1.5636154,
          1
        ]
      },
      {
        "date" : 728602789.363872,
        "title" : "Untitled",
        "transform" : [
          0.99999994,
          0,
          0,
          0,
          0,
          0.8660254,
          -0.49999988,
          0,
          0,
          0.49999988,
          0.8660254,
          0,
          0,
          2.2626424,
          -1.5376341,
          1
        ]
      },
      {
        "date" : 728601638.601564,
        "title" : "Untitled",
        "transform" : [
          0.99999994,
          0,
          -0,
          0,
          -0,
          0.8660254,
          -0.49999988,
          0,
          0,
          0.49999988,
          0.8660254,
          0,
          0,
          2.2626424,
          -1.5376341,
          1
        ]
      },
      {
        "date" : 728601625.60056,
        "title" : "Untitled",
        "transform" : [
          0.99999994,
          0,
          -0,
          0,
          -0,
          0.8660254,
          -0.49999988,
          0,
          0,
          0.49999988,
          0.8660254,
          0,
          0.5,
          2.028211,
          -1.9436808,
          1
        ]
      },
      {
        "date" : 728601601.23483,
        "title" : "Untitled",
        "transform" : [
          0.99999994,
          0,
          -0,
          0,
          -0,
          0.8660254,
          -0.49999988,
          0,
          0,
          0.49999988,
          0.8660254,
          0,
          0.5,
          2.028211,
          -1.9436806,
          1
        ]
      },
      {
        "date" : 728601583.018539,
        "title" : "Untitled",
        "transform" : [
          0.99999994,
          0,
          -0,
          0,
          -0,
          0.8660254,
          -0.49999988,
          0,
          0,
          0.49999988,
          0.8660254,
          0,
          0.49999997,
          2.0282109,
          0.07280389,
          1
        ]
      }
    ]
  },
  "selectedSceneRelativePath" : "ImmersiveScene.usda"
}